8
10
21
35
55
71
103
144
177
233
281
335
422
578
759
1019
1228
1408
1789
2352
2921
3605
4313
4932
5373
6159
7097
7978
8958
9875
10612
11329
12107
12868
13729
14576
15464
16060
16509
17337
18100
18738
19506
23635
24055
24393
25302
26097
26771
27510
28131
28446
28734
29427
30076
30615
31241
31587
31855
32065
32692
33186
33186
33614
33998
34466
34636
34796
35341
35704
36042
36393
36675
36793
36914
37048
37460
38220
38593
38819
38934
39045
39369
39728
39904
40261
40465
40542
40597
40883
41128
41279
41481
41662
41698
41736
41969
42153
42288
42461
42589
42632
42647
42927
43081
43230
43414
43514
43550
43575
43730
43906
43995
44131
44198
44220
44236
44391
44517
44602
44650
44798
44819
44830
44968
45053
45119
45119
45318
45318
45318
45318
45318
45318
45677
45738
45752
45759
45878
45961
45999
46119
46193
46201